Repeated Measures ANOVA
-------------------------
  Source         SS  DF        MS         F     p_unc       ng2       eps
0    Bin  11.507935   5  2.301587  3.621777  0.009586  0.133257  0.531346
1  Error  22.241994  35  0.635486       NaN       NaN       NaN       NaN

Post-hoc Pairwise Tests:
-------------------------
    A  B         T  dof     p_unc    p_corr p_adjust
0   1  2  0.717031  7.0  0.496577  1.000000     holm
1   1  3  2.525102  7.0  0.039515  0.434662     holm
2   1  4  0.013304  7.0  0.989757  1.000000     holm
3   1  5 -1.164445  7.0  0.282390  1.000000     holm
4   1  6 -1.986760  7.0  0.087307  0.873073     holm
5   2  3  0.610070  7.0  0.561090  1.000000     holm
6   2  4 -0.634639  7.0  0.545839  1.000000     holm
7   2  5 -1.164874  7.0  0.282227  1.000000     holm
8   2  6 -2.958669  7.0  0.021145  0.253740     holm
9   3  4 -1.733273  7.0  0.126645  1.000000     holm
10  3  5 -3.992088  7.0  0.005242  0.078637     holm
11  3  6 -3.831994  7.0  0.006441  0.090175     holm
12  4  5 -0.882034  7.0  0.407025  1.000000     holm
13  4  6 -3.128248  7.0  0.016650  0.216456     holm
14  5  6 -1.949643  7.0  0.092216  0.873073     holm
